Homes:
  main:
    X: -3802.5
    Y: 70.0
    Z: -267.5
    Yaw: 0.49194336
    Pitch: 9.452072
    World: world
