Homes:
  main:
    X: -2520.6776492846484
    Y: 3.0
    Z: -4389.480455630542
    Yaw: 63.587402
    Pitch: 18.155973
    World: world
