Homes:
  main:
    X: -3010.1622087909677
    Y: 64.0
    Z: 4743.690784764928
    Yaw: -140.10272
    Pitch: 5.6999645
    World: world
