Homes:
  main:
    X: -3065.619854419256
    Y: 67.0
    Z: 4743.6582682444905
    Yaw: -0.5732422
    Pitch: 6.5993323
    World: world
